image_00000 326 216 356 246
image_00001 324 214 357 243
image_00002 327 216 357 244
image_00003 322 215 360 249
image_00004 327 222 364 255
image_00005 332 219 367 252
image_00006 336 212 371 250
image_00007 337 219 373 251
image_00008 339 215 371 249
image_00009 342 224 373 250
image_00010 339 219 375 251
image_00011 339 223 372 253
image_00012 339 221 372 252
image_00013 340 223 373 251
image_00014 338 222 373 253
image_00015 338 223 373 255
image_00016 336 225 369 254
image_00017 336 226 373 257
image_00018 338 225 372 255
image_00019 339 224 373 256
image_00020 335 224 372 257
image_00021 340 225 375 254
image_00022 343 226 371 252
image_00023 342 226 374 257
image_00024 336 227 371 256
image_00025 343 230 370 255
image_00026 337 227 372 257
image_00027 340 229 371 256
image_00028 340 229 373 258
image_00029 338 230 371 260
image_00030 340 230 372 259
image_00031 339 226 373 262
image_00032 339 229 374 257
image_00033 334 229 371 261
image_00034 335 225 374 261
image_00035 336 230 369 259
image_00036 335 225 371 261
image_00037 338 224 369 258
image_00038 333 229 372 258
image_00039 336 229 370 262
image_00040 336 225 374 260
image_00041 333 226 372 263
image_00042 334 224 374 260
image_00043 333 226 373 262
image_00044 334 225 375 263
image_00045 335 225 378 261
image_00046 335 226 374 261
image_00047 332 221 376 259
image_00048 334 224 373 259
image_00049 333 225 369 260
image_00050 335 227 372 261
image_00051 337 226 378 262
image_00052 335 228 373 262
image_00053 332 225 373 262
image_00054 336 229 373 261
image_00055 330 229 366 263
image_00056 329 224 367 260
image_00057 327 227 363 265
image_00058 334 225 367 262
image_00059 327 226 369 265
image_00060 327 225 369 265
image_00061 330 229 371 266
image_00062 330 230 370 268
image_00063 329 229 370 268
